name: tfg-22-env
channels:
  - conda-forge
  - defaults
dependencies:
  - brotlipy=0.7.0=py39hb82d6ee_1004
  - bzip2=1.0.8=h8ffe710_4
  - ca-certificates=2022.6.15=h5b45459_0
  - certifi=2022.6.15=pyhd8ed1ab_1
  - cffi=1.15.1=py39h0878f49_0
  - charset-normalizer=2.1.1=pyhd8ed1ab_0
  - cryptography=37.0.1=py39h21b164f_0
  - freetype=2.12.1=h546665d_0
  - idna=3.3=pyhd8ed1ab_0
  - intel-openmp=2022.1.0=h57928b3_3787
  - jpeg=9e=h8ffe710_2
  - lcms2=2.12=h2a16943_0
  - lerc=4.0.0=h63175ca_0
  - libblas=3.9.0=16_win64_mkl
  - libcblas=3.9.0=16_win64_mkl
  - libdeflate=1.13=h8ffe710_0
  - libffi=3.4.2=h8ffe710_5
  - liblapack=3.9.0=16_win64_mkl
  - libpng=1.6.37=h1d00b33_4
  - libsqlite=3.39.2=h8ffe710_1
  - libtiff=4.4.0=h92677e6_3
  - libwebp-base=1.2.4=h8ffe710_0
  - libxcb=1.13=hcd874cb_1004
  - libzlib=1.2.12=h8ffe710_2
  - m2w64-gcc-libgfortran=5.3.0=6
  - m2w64-gcc-libs=5.3.0=7
  - m2w64-gcc-libs-core=5.3.0=7
  - m2w64-gmp=6.1.0=2
  - m2w64-libwinpthread-git=5.0.0.4634.697f757=2
  - mkl=2022.1.0=h6a75c08_874
  - msys2-conda-epoch=20160418=1
  - numpy=1.23.2=py39h1a62c8c_0
  - openjpeg=2.5.0=hc9384bd_1
  - openssl=3.0.5=h8ffe710_1
  - pandas=1.4.3=py39h2e25243_0
  - pdf2image=1.16.0=pyhd8ed1ab_0
  - pillow=9.2.0=py39hcef8f5f_2
  - pip=22.2.2=pyhd8ed1ab_0
  - pthread-stubs=0.4=hcd874cb_1001
  - pycparser=2.21=pyhd8ed1ab_0
  - pyopenssl=22.0.0=pyhd8ed1ab_0
  - pysocks=1.7.1=pyh0701188_6
  - python=3.9.13=hcf16a7b_0_cpython
  - python-dateutil=2.8.2=pyhd8ed1ab_0
  - python_abi=3.9=2_cp39
  - pytz=2022.2.1=pyhd8ed1ab_0
  - requests=2.28.1=pyhd8ed1ab_0
  - setuptools=65.3.0=pyhd8ed1ab_1
  - six=1.16.0=pyh6c4a22f_0
  - sqlite=3.39.2=h8ffe710_1
  - tbb=2021.5.0=h2d74725_1
  - tk=8.6.12=h8ffe710_0
  - tzdata=2022c=h191b570_0
  - ucrt=10.0.20348.0=h57928b3_0
  - urllib3=1.26.11=pyhd8ed1ab_0
  - vc=14.2=hb210afc_6
  - vs2015_runtime=14.29.30037=h902a5da_6
  - wheel=0.37.1=pyhd8ed1ab_0
  - win_inet_pton=1.1.0=py39hcbf5309_4
  - xorg-libxau=1.0.9=hcd874cb_0
  - xorg-libxdmcp=1.1.3=hcd874cb_0
  - xz=5.2.6=h8d14728_0
  - zstd=1.5.2=h7755175_4
